apass_00_01.ldac     0.00    6.00     0.00    4.00
apass_00_02.ldac     0.00    6.00     4.00    8.00
apass_00_03.ldac     0.00    6.00     8.00   12.00
apass_00_04.ldac     0.00    6.00    12.00   16.00
apass_00_05.ldac     0.00    6.00    16.00   20.00
apass_00_06.ldac     0.00    6.00    20.00   24.00
apass_00_07.ldac     0.00    6.00    24.00   28.00
apass_00_08.ldac     0.00    6.00    28.00   32.00
apass_00_09.ldac     0.00    6.00    32.00   36.00
apass_00_10.ldac     0.00    6.00    36.00   40.00
apass_00_11.ldac     0.00    6.00    40.00   44.00
apass_00_12.ldac     0.00    6.00    44.00   48.00
apass_00_13.ldac     0.00    6.00    48.00   52.00
apass_00_14.ldac     0.00    6.00    52.00   56.00
apass_00_15.ldac     0.00    6.00    56.00   60.00
apass_00_16.ldac     0.00    6.00    60.00   64.00
apass_00_17.ldac     0.00    6.00    64.00   68.00
apass_00_18.ldac     0.00    6.00    68.00   72.00
apass_00_19.ldac     0.00    6.00    72.00   76.00
apass_00_20.ldac     0.00    6.00    76.00   80.00
apass_00_21.ldac     0.00    6.00    80.00   84.00
apass_00_22.ldac     0.00    6.00    84.00   88.00
apass_00_23.ldac     0.00    6.00    88.00   92.00
apass_00_24.ldac     0.00    6.00    92.00   96.00
apass_00_25.ldac     0.00    6.00    96.00  100.00
apass_00_26.ldac     0.00    6.00   100.00  104.00
apass_00_27.ldac     0.00    6.00   104.00  108.00
apass_00_28.ldac     0.00    6.00   108.00  112.00
apass_00_29.ldac     0.00    6.00   112.00  116.00
apass_00_30.ldac     0.00    6.00   116.00  120.00
apass_00_31.ldac     0.00    6.00   120.00  124.00
apass_00_32.ldac     0.00    6.00   124.00  128.00
apass_00_33.ldac     0.00    6.00   128.00  132.00
apass_00_34.ldac     0.00    6.00   132.00  136.00
apass_00_35.ldac     0.00    6.00   136.00  140.00
apass_00_36.ldac     0.00    6.00   140.00  144.00
apass_00_37.ldac     0.00    6.00   144.00  148.00
apass_00_38.ldac     0.00    6.00   148.00  152.00
apass_00_39.ldac     0.00    6.00   152.00  156.00
apass_00_40.ldac     0.00    6.00   156.00  160.00
apass_00_41.ldac     0.00    6.00   160.00  164.00
apass_00_42.ldac     0.00    6.00   164.00  168.00
apass_00_43.ldac     0.00    6.00   168.00  172.00
apass_00_44.ldac     0.00    6.00   172.00  176.00
apass_00_45.ldac     0.00    6.00   176.00  180.00
apass_00_46.ldac     0.00    6.00   180.00  184.00
apass_00_47.ldac     0.00    6.00   184.00  188.00
apass_00_48.ldac     0.00    6.00   188.00  192.00
apass_00_49.ldac     0.00    6.00   192.00  196.00
apass_00_50.ldac     0.00    6.00   196.00  200.00
apass_00_51.ldac     0.00    6.00   200.00  204.00
apass_00_52.ldac     0.00    6.00   204.00  208.00
apass_00_53.ldac     0.00    6.00   208.00  212.00
apass_00_54.ldac     0.00    6.00   212.00  216.00
apass_00_55.ldac     0.00    6.00   216.00  220.00
apass_00_56.ldac     0.00    6.00   220.00  224.00
apass_00_57.ldac     0.00    6.00   224.00  228.00
apass_00_58.ldac     0.00    6.00   228.00  232.00
apass_00_59.ldac     0.00    6.00   232.00  236.00
apass_00_60.ldac     0.00    6.00   236.00  240.00
apass_00_61.ldac     0.00    6.00   240.00  244.00
apass_00_62.ldac     0.00    6.00   244.00  248.00
apass_00_63.ldac     0.00    6.00   248.00  252.00
apass_00_64.ldac     0.00    6.00   252.00  256.00
apass_00_65.ldac     0.00    6.00   256.00  260.00
apass_00_66.ldac     0.00    6.00   260.00  264.00
apass_00_67.ldac     0.00    6.00   264.00  268.00
apass_00_68.ldac     0.00    6.00   268.00  272.00
apass_00_69.ldac     0.00    6.00   272.00  276.00
apass_00_70.ldac     0.00    6.00   276.00  280.00
apass_00_71.ldac     0.00    6.00   280.00  284.00
apass_00_72.ldac     0.00    6.00   284.00  288.00
apass_00_73.ldac     0.00    6.00   288.00  292.00
apass_00_74.ldac     0.00    6.00   292.00  296.00
apass_00_75.ldac     0.00    6.00   296.00  300.00
apass_00_76.ldac     0.00    6.00   300.00  304.00
apass_00_77.ldac     0.00    6.00   304.00  308.00
apass_00_78.ldac     0.00    6.00   308.00  312.00
apass_00_79.ldac     0.00    6.00   312.00  316.00
apass_00_80.ldac     0.00    6.00   316.00  320.00
apass_00_81.ldac     0.00    6.00   320.00  324.00
apass_00_82.ldac     0.00    6.00   324.00  328.00
apass_00_83.ldac     0.00    6.00   328.00  332.00
apass_00_84.ldac     0.00    6.00   332.00  336.00
apass_00_85.ldac     0.00    6.00   336.00  340.00
apass_00_86.ldac     0.00    6.00   340.00  344.00
apass_00_87.ldac     0.00    6.00   344.00  348.00
apass_00_88.ldac     0.00    6.00   348.00  352.00
apass_00_89.ldac     0.00    6.00   352.00  356.00
apass_00_90.ldac     0.00    6.00   356.00  360.00
apass_06_01.ldac     6.00   12.00     0.00    4.00
apass_06_02.ldac     6.00   12.00     4.00    8.00
apass_06_03.ldac     6.00   12.00     8.00   12.00
apass_06_04.ldac     6.00   12.00    12.00   16.00
apass_06_05.ldac     6.00   12.00    16.00   20.00
apass_06_06.ldac     6.00   12.00    20.00   24.00
apass_06_07.ldac     6.00   12.00    24.00   28.00
apass_06_08.ldac     6.00   12.00    28.00   32.00
apass_06_09.ldac     6.00   12.00    32.00   36.00
apass_06_10.ldac     6.00   12.00    36.00   40.00
apass_06_11.ldac     6.00   12.00    40.00   44.00
apass_06_12.ldac     6.00   12.00    44.00   48.00
apass_06_13.ldac     6.00   12.00    48.00   52.00
apass_06_14.ldac     6.00   12.00    52.00   56.00
apass_06_15.ldac     6.00   12.00    56.00   60.00
apass_06_16.ldac     6.00   12.00    60.00   64.00
apass_06_17.ldac     6.00   12.00    64.00   68.00
apass_06_18.ldac     6.00   12.00    68.00   72.00
apass_06_19.ldac     6.00   12.00    72.00   76.00
apass_06_20.ldac     6.00   12.00    76.00   80.00
apass_06_21.ldac     6.00   12.00    80.00   84.00
apass_06_22.ldac     6.00   12.00    84.00   88.00
apass_06_23.ldac     6.00   12.00    88.00   92.00
apass_06_24.ldac     6.00   12.00    92.00   96.00
apass_06_25.ldac     6.00   12.00    96.00  100.00
apass_06_26.ldac     6.00   12.00   100.00  104.00
apass_06_27.ldac     6.00   12.00   104.00  108.00
apass_06_28.ldac     6.00   12.00   108.00  112.00
apass_06_29.ldac     6.00   12.00   112.00  116.00
apass_06_30.ldac     6.00   12.00   116.00  120.00
apass_06_31.ldac     6.00   12.00   120.00  124.00
apass_06_32.ldac     6.00   12.00   124.00  128.00
apass_06_33.ldac     6.00   12.00   128.00  132.00
apass_06_34.ldac     6.00   12.00   132.00  136.00
apass_06_35.ldac     6.00   12.00   136.00  140.00
apass_06_36.ldac     6.00   12.00   140.00  144.00
apass_06_37.ldac     6.00   12.00   144.00  148.00
apass_06_38.ldac     6.00   12.00   148.00  152.00
apass_06_39.ldac     6.00   12.00   152.00  156.00
apass_06_40.ldac     6.00   12.00   156.00  160.00
apass_06_41.ldac     6.00   12.00   160.00  164.00
apass_06_42.ldac     6.00   12.00   164.00  168.00
apass_06_43.ldac     6.00   12.00   168.00  172.00
apass_06_44.ldac     6.00   12.00   172.00  176.00
apass_06_45.ldac     6.00   12.00   176.00  180.00
apass_06_46.ldac     6.00   12.00   180.00  184.00
apass_06_47.ldac     6.00   12.00   184.00  188.00
apass_06_48.ldac     6.00   12.00   188.00  192.00
apass_06_49.ldac     6.00   12.00   192.00  196.00
apass_06_50.ldac     6.00   12.00   196.00  200.00
apass_06_51.ldac     6.00   12.00   200.00  204.00
apass_06_52.ldac     6.00   12.00   204.00  208.00
apass_06_53.ldac     6.00   12.00   208.00  212.00
apass_06_54.ldac     6.00   12.00   212.00  216.00
apass_06_55.ldac     6.00   12.00   216.00  220.00
apass_06_56.ldac     6.00   12.00   220.00  224.00
apass_06_57.ldac     6.00   12.00   224.00  228.00
apass_06_58.ldac     6.00   12.00   228.00  232.00
apass_06_59.ldac     6.00   12.00   232.00  236.00
apass_06_60.ldac     6.00   12.00   236.00  240.00
apass_06_61.ldac     6.00   12.00   240.00  244.00
apass_06_62.ldac     6.00   12.00   244.00  248.00
apass_06_63.ldac     6.00   12.00   248.00  252.00
apass_06_64.ldac     6.00   12.00   252.00  256.00
apass_06_65.ldac     6.00   12.00   256.00  260.00
apass_06_66.ldac     6.00   12.00   260.00  264.00
apass_06_67.ldac     6.00   12.00   264.00  268.00
apass_06_68.ldac     6.00   12.00   268.00  272.00
apass_06_69.ldac     6.00   12.00   272.00  276.00
apass_06_70.ldac     6.00   12.00   276.00  280.00
apass_06_71.ldac     6.00   12.00   280.00  284.00
apass_06_72.ldac     6.00   12.00   284.00  288.00
apass_06_73.ldac     6.00   12.00   288.00  292.00
apass_06_74.ldac     6.00   12.00   292.00  296.00
apass_06_75.ldac     6.00   12.00   296.00  300.00
apass_06_76.ldac     6.00   12.00   300.00  304.00
apass_06_77.ldac     6.00   12.00   304.00  308.00
apass_06_78.ldac     6.00   12.00   308.00  312.00
apass_06_79.ldac     6.00   12.00   312.00  316.00
apass_06_80.ldac     6.00   12.00   316.00  320.00
apass_06_81.ldac     6.00   12.00   320.00  324.00
apass_06_82.ldac     6.00   12.00   324.00  328.00
apass_06_83.ldac     6.00   12.00   328.00  332.00
apass_06_84.ldac     6.00   12.00   332.00  336.00
apass_06_85.ldac     6.00   12.00   336.00  340.00
apass_06_86.ldac     6.00   12.00   340.00  344.00
apass_06_87.ldac     6.00   12.00   344.00  348.00
apass_06_88.ldac     6.00   12.00   348.00  352.00
apass_06_89.ldac     6.00   12.00   352.00  356.00
apass_06_90.ldac     6.00   12.00   356.00  360.00
apass_12_01.ldac    12.00   18.00     0.00    4.04
apass_12_02.ldac    12.00   18.00     4.04    8.09
apass_12_03.ldac    12.00   18.00     8.09   12.13
apass_12_04.ldac    12.00   18.00    12.13   16.18
apass_12_05.ldac    12.00   18.00    16.18   20.22
apass_12_06.ldac    12.00   18.00    20.22   24.27
apass_12_07.ldac    12.00   18.00    24.27   28.31
apass_12_08.ldac    12.00   18.00    28.31   32.36
apass_12_09.ldac    12.00   18.00    32.36   36.40
apass_12_10.ldac    12.00   18.00    36.40   40.45
apass_12_11.ldac    12.00   18.00    40.45   44.49
apass_12_12.ldac    12.00   18.00    44.49   48.54
apass_12_13.ldac    12.00   18.00    48.54   52.58
apass_12_14.ldac    12.00   18.00    52.58   56.63
apass_12_15.ldac    12.00   18.00    56.63   60.67
apass_12_16.ldac    12.00   18.00    60.67   64.72
apass_12_17.ldac    12.00   18.00    64.72   68.76
apass_12_18.ldac    12.00   18.00    68.76   72.81
apass_12_19.ldac    12.00   18.00    72.81   76.85
apass_12_20.ldac    12.00   18.00    76.85   80.90
apass_12_21.ldac    12.00   18.00    80.90   84.94
apass_12_22.ldac    12.00   18.00    84.94   88.99
apass_12_23.ldac    12.00   18.00    88.99   93.03
apass_12_24.ldac    12.00   18.00    93.03   97.08
apass_12_25.ldac    12.00   18.00    97.08  101.12
apass_12_26.ldac    12.00   18.00   101.12  105.17
apass_12_27.ldac    12.00   18.00   105.17  109.21
apass_12_28.ldac    12.00   18.00   109.21  113.26
apass_12_29.ldac    12.00   18.00   113.26  117.30
apass_12_30.ldac    12.00   18.00   117.30  121.35
apass_12_31.ldac    12.00   18.00   121.35  125.39
apass_12_32.ldac    12.00   18.00   125.39  129.44
apass_12_33.ldac    12.00   18.00   129.44  133.48
apass_12_34.ldac    12.00   18.00   133.48  137.53
apass_12_35.ldac    12.00   18.00   137.53  141.57
apass_12_36.ldac    12.00   18.00   141.57  145.62
apass_12_37.ldac    12.00   18.00   145.62  149.66
apass_12_38.ldac    12.00   18.00   149.66  153.71
apass_12_39.ldac    12.00   18.00   153.71  157.75
apass_12_40.ldac    12.00   18.00   157.75  161.80
apass_12_41.ldac    12.00   18.00   161.80  165.84
apass_12_42.ldac    12.00   18.00   165.84  169.89
apass_12_43.ldac    12.00   18.00   169.89  173.93
apass_12_44.ldac    12.00   18.00   173.93  177.98
apass_12_45.ldac    12.00   18.00   177.98  182.02
apass_12_46.ldac    12.00   18.00   182.02  186.07
apass_12_47.ldac    12.00   18.00   186.07  190.11
apass_12_48.ldac    12.00   18.00   190.11  194.16
apass_12_49.ldac    12.00   18.00   194.16  198.20
apass_12_50.ldac    12.00   18.00   198.20  202.25
apass_12_51.ldac    12.00   18.00   202.25  206.29
apass_12_52.ldac    12.00   18.00   206.29  210.34
apass_12_53.ldac    12.00   18.00   210.34  214.38
apass_12_54.ldac    12.00   18.00   214.38  218.43
apass_12_55.ldac    12.00   18.00   218.43  222.47
apass_12_56.ldac    12.00   18.00   222.47  226.52
apass_12_57.ldac    12.00   18.00   226.52  230.56
apass_12_58.ldac    12.00   18.00   230.56  234.61
apass_12_59.ldac    12.00   18.00   234.61  238.65
apass_12_60.ldac    12.00   18.00   238.65  242.70
apass_12_61.ldac    12.00   18.00   242.70  246.74
apass_12_62.ldac    12.00   18.00   246.74  250.79
apass_12_63.ldac    12.00   18.00   250.79  254.83
apass_12_64.ldac    12.00   18.00   254.83  258.88
apass_12_65.ldac    12.00   18.00   258.88  262.92
apass_12_66.ldac    12.00   18.00   262.92  266.97
apass_12_67.ldac    12.00   18.00   266.97  271.01
apass_12_68.ldac    12.00   18.00   271.01  275.06
apass_12_69.ldac    12.00   18.00   275.06  279.10
apass_12_70.ldac    12.00   18.00   279.10  283.15
apass_12_71.ldac    12.00   18.00   283.15  287.19
apass_12_72.ldac    12.00   18.00   287.19  291.24
apass_12_73.ldac    12.00   18.00   291.24  295.28
apass_12_74.ldac    12.00   18.00   295.28  299.33
apass_12_75.ldac    12.00   18.00   299.33  303.37
apass_12_76.ldac    12.00   18.00   303.37  307.42
apass_12_77.ldac    12.00   18.00   307.42  311.46
apass_12_78.ldac    12.00   18.00   311.46  315.51
apass_12_79.ldac    12.00   18.00   315.51  319.55
apass_12_80.ldac    12.00   18.00   319.55  323.60
apass_12_81.ldac    12.00   18.00   323.60  327.64
apass_12_82.ldac    12.00   18.00   327.64  331.69
apass_12_83.ldac    12.00   18.00   331.69  335.73
apass_12_84.ldac    12.00   18.00   335.73  339.78
apass_12_85.ldac    12.00   18.00   339.78  343.82
apass_12_86.ldac    12.00   18.00   343.82  347.87
apass_12_87.ldac    12.00   18.00   347.87  351.91
apass_12_88.ldac    12.00   18.00   351.91  355.96
apass_12_89.ldac    12.00   18.00   355.96  360.00
apass_18_01.ldac    18.00   24.00     0.00    4.19
apass_18_02.ldac    18.00   24.00     4.19    8.37
apass_18_03.ldac    18.00   24.00     8.37   12.56
apass_18_04.ldac    18.00   24.00    12.56   16.74
apass_18_05.ldac    18.00   24.00    16.74   20.93
apass_18_06.ldac    18.00   24.00    20.93   25.12
apass_18_07.ldac    18.00   24.00    25.12   29.30
apass_18_08.ldac    18.00   24.00    29.30   33.49
apass_18_09.ldac    18.00   24.00    33.49   37.67
apass_18_10.ldac    18.00   24.00    37.67   41.86
apass_18_11.ldac    18.00   24.00    41.86   46.05
apass_18_12.ldac    18.00   24.00    46.05   50.23
apass_18_13.ldac    18.00   24.00    50.23   54.42
apass_18_14.ldac    18.00   24.00    54.42   58.60
apass_18_15.ldac    18.00   24.00    58.60   62.79
apass_18_16.ldac    18.00   24.00    62.79   66.98
apass_18_17.ldac    18.00   24.00    66.98   71.16
apass_18_18.ldac    18.00   24.00    71.16   75.35
apass_18_19.ldac    18.00   24.00    75.35   79.53
apass_18_20.ldac    18.00   24.00    79.53   83.72
apass_18_21.ldac    18.00   24.00    83.72   87.91
apass_18_22.ldac    18.00   24.00    87.91   92.09
apass_18_23.ldac    18.00   24.00    92.09   96.28
apass_18_24.ldac    18.00   24.00    96.28  100.47
apass_18_25.ldac    18.00   24.00   100.47  104.65
apass_18_26.ldac    18.00   24.00   104.65  108.84
apass_18_27.ldac    18.00   24.00   108.84  113.02
apass_18_28.ldac    18.00   24.00   113.02  117.21
apass_18_29.ldac    18.00   24.00   117.21  121.40
apass_18_30.ldac    18.00   24.00   121.40  125.58
apass_18_31.ldac    18.00   24.00   125.58  129.77
apass_18_32.ldac    18.00   24.00   129.77  133.95
apass_18_33.ldac    18.00   24.00   133.95  138.14
apass_18_34.ldac    18.00   24.00   138.14  142.33
apass_18_35.ldac    18.00   24.00   142.33  146.51
apass_18_36.ldac    18.00   24.00   146.51  150.70
apass_18_37.ldac    18.00   24.00   150.70  154.88
apass_18_38.ldac    18.00   24.00   154.88  159.07
apass_18_39.ldac    18.00   24.00   159.07  163.26
apass_18_40.ldac    18.00   24.00   163.26  167.44
apass_18_41.ldac    18.00   24.00   167.44  171.63
apass_18_42.ldac    18.00   24.00   171.63  175.81
apass_18_43.ldac    18.00   24.00   175.81  180.00
apass_18_44.ldac    18.00   24.00   180.00  184.19
apass_18_45.ldac    18.00   24.00   184.19  188.37
apass_18_46.ldac    18.00   24.00   188.37  192.56
apass_18_47.ldac    18.00   24.00   192.56  196.74
apass_18_48.ldac    18.00   24.00   196.74  200.93
apass_18_49.ldac    18.00   24.00   200.93  205.12
apass_18_50.ldac    18.00   24.00   205.12  209.30
apass_18_51.ldac    18.00   24.00   209.30  213.49
apass_18_52.ldac    18.00   24.00   213.49  217.67
apass_18_53.ldac    18.00   24.00   217.67  221.86
apass_18_54.ldac    18.00   24.00   221.86  226.05
apass_18_55.ldac    18.00   24.00   226.05  230.23
apass_18_56.ldac    18.00   24.00   230.23  234.42
apass_18_57.ldac    18.00   24.00   234.42  238.60
apass_18_58.ldac    18.00   24.00   238.60  242.79
apass_18_59.ldac    18.00   24.00   242.79  246.98
apass_18_60.ldac    18.00   24.00   246.98  251.16
apass_18_61.ldac    18.00   24.00   251.16  255.35
apass_18_62.ldac    18.00   24.00   255.35  259.53
apass_18_63.ldac    18.00   24.00   259.53  263.72
apass_18_64.ldac    18.00   24.00   263.72  267.91
apass_18_65.ldac    18.00   24.00   267.91  272.09
apass_18_66.ldac    18.00   24.00   272.09  276.28
apass_18_67.ldac    18.00   24.00   276.28  280.47
apass_18_68.ldac    18.00   24.00   280.47  284.65
apass_18_69.ldac    18.00   24.00   284.65  288.84
apass_18_70.ldac    18.00   24.00   288.84  293.02
apass_18_71.ldac    18.00   24.00   293.02  297.21
apass_18_72.ldac    18.00   24.00   297.21  301.40
apass_18_73.ldac    18.00   24.00   301.40  305.58
apass_18_74.ldac    18.00   24.00   305.58  309.77
apass_18_75.ldac    18.00   24.00   309.77  313.95
apass_18_76.ldac    18.00   24.00   313.95  318.14
apass_18_77.ldac    18.00   24.00   318.14  322.33
apass_18_78.ldac    18.00   24.00   322.33  326.51
apass_18_79.ldac    18.00   24.00   326.51  330.70
apass_18_80.ldac    18.00   24.00   330.70  334.88
apass_18_81.ldac    18.00   24.00   334.88  339.07
apass_18_82.ldac    18.00   24.00   339.07  343.26
apass_18_83.ldac    18.00   24.00   343.26  347.44
apass_18_84.ldac    18.00   24.00   347.44  351.63
apass_18_85.ldac    18.00   24.00   351.63  355.81
apass_18_86.ldac    18.00   24.00   355.81  360.00
apass_24_01.ldac    24.00   30.00     0.00    4.34
apass_24_02.ldac    24.00   30.00     4.34    8.67
apass_24_03.ldac    24.00   30.00     8.67   13.01
apass_24_04.ldac    24.00   30.00    13.01   17.35
apass_24_05.ldac    24.00   30.00    17.35   21.69
apass_24_06.ldac    24.00   30.00    21.69   26.02
apass_24_07.ldac    24.00   30.00    26.02   30.36
apass_24_08.ldac    24.00   30.00    30.36   34.70
apass_24_09.ldac    24.00   30.00    34.70   39.04
apass_24_10.ldac    24.00   30.00    39.04   43.37
apass_24_11.ldac    24.00   30.00    43.37   47.71
apass_24_12.ldac    24.00   30.00    47.71   52.05
apass_24_13.ldac    24.00   30.00    52.05   56.39
apass_24_14.ldac    24.00   30.00    56.39   60.72
apass_24_15.ldac    24.00   30.00    60.72   65.06
apass_24_16.ldac    24.00   30.00    65.06   69.40
apass_24_17.ldac    24.00   30.00    69.40   73.73
apass_24_18.ldac    24.00   30.00    73.73   78.07
apass_24_19.ldac    24.00   30.00    78.07   82.41
apass_24_20.ldac    24.00   30.00    82.41   86.75
apass_24_21.ldac    24.00   30.00    86.75   91.08
apass_24_22.ldac    24.00   30.00    91.08   95.42
apass_24_23.ldac    24.00   30.00    95.42   99.76
apass_24_24.ldac    24.00   30.00    99.76  104.10
apass_24_25.ldac    24.00   30.00   104.10  108.43
apass_24_26.ldac    24.00   30.00   108.43  112.77
apass_24_27.ldac    24.00   30.00   112.77  117.11
apass_24_28.ldac    24.00   30.00   117.11  121.45
apass_24_29.ldac    24.00   30.00   121.45  125.78
apass_24_30.ldac    24.00   30.00   125.78  130.12
apass_24_31.ldac    24.00   30.00   130.12  134.46
apass_24_32.ldac    24.00   30.00   134.46  138.80
apass_24_33.ldac    24.00   30.00   138.80  143.13
apass_24_34.ldac    24.00   30.00   143.13  147.47
apass_24_35.ldac    24.00   30.00   147.47  151.81
apass_24_36.ldac    24.00   30.00   151.81  156.14
apass_24_37.ldac    24.00   30.00   156.14  160.48
apass_24_38.ldac    24.00   30.00   160.48  164.82
apass_24_39.ldac    24.00   30.00   164.82  169.16
apass_24_40.ldac    24.00   30.00   169.16  173.49
apass_24_41.ldac    24.00   30.00   173.49  177.83
apass_24_42.ldac    24.00   30.00   177.83  182.17
apass_24_43.ldac    24.00   30.00   182.17  186.51
apass_24_44.ldac    24.00   30.00   186.51  190.84
apass_24_45.ldac    24.00   30.00   190.84  195.18
apass_24_46.ldac    24.00   30.00   195.18  199.52
apass_24_47.ldac    24.00   30.00   199.52  203.86
apass_24_48.ldac    24.00   30.00   203.86  208.19
apass_24_49.ldac    24.00   30.00   208.19  212.53
apass_24_50.ldac    24.00   30.00   212.53  216.87
apass_24_51.ldac    24.00   30.00   216.87  221.20
apass_24_52.ldac    24.00   30.00   221.20  225.54
apass_24_53.ldac    24.00   30.00   225.54  229.88
apass_24_54.ldac    24.00   30.00   229.88  234.22
apass_24_55.ldac    24.00   30.00   234.22  238.55
apass_24_56.ldac    24.00   30.00   238.55  242.89
apass_24_57.ldac    24.00   30.00   242.89  247.23
apass_24_58.ldac    24.00   30.00   247.23  251.57
apass_24_59.ldac    24.00   30.00   251.57  255.90
apass_24_60.ldac    24.00   30.00   255.90  260.24
apass_24_61.ldac    24.00   30.00   260.24  264.58
apass_24_62.ldac    24.00   30.00   264.58  268.92
apass_24_63.ldac    24.00   30.00   268.92  273.25
apass_24_64.ldac    24.00   30.00   273.25  277.59
apass_24_65.ldac    24.00   30.00   277.59  281.93
apass_24_66.ldac    24.00   30.00   281.93  286.27
apass_24_67.ldac    24.00   30.00   286.27  290.60
apass_24_68.ldac    24.00   30.00   290.60  294.94
apass_24_69.ldac    24.00   30.00   294.94  299.28
apass_24_70.ldac    24.00   30.00   299.28  303.61
apass_24_71.ldac    24.00   30.00   303.61  307.95
apass_24_72.ldac    24.00   30.00   307.95  312.29
apass_24_73.ldac    24.00   30.00   312.29  316.63
apass_24_74.ldac    24.00   30.00   316.63  320.96
apass_24_75.ldac    24.00   30.00   320.96  325.30
apass_24_76.ldac    24.00   30.00   325.30  329.64
apass_24_77.ldac    24.00   30.00   329.64  333.98
apass_24_78.ldac    24.00   30.00   333.98  338.31
apass_24_79.ldac    24.00   30.00   338.31  342.65
apass_24_80.ldac    24.00   30.00   342.65  346.99
apass_24_81.ldac    24.00   30.00   346.99  351.33
apass_24_82.ldac    24.00   30.00   351.33  355.66
apass_24_83.ldac    24.00   30.00   355.66  360.00
apass_30_01.ldac    30.00   36.00     0.00    4.62
apass_30_02.ldac    30.00   36.00     4.62    9.23
apass_30_03.ldac    30.00   36.00     9.23   13.85
apass_30_04.ldac    30.00   36.00    13.85   18.46
apass_30_05.ldac    30.00   36.00    18.46   23.08
apass_30_06.ldac    30.00   36.00    23.08   27.69
apass_30_07.ldac    30.00   36.00    27.69   32.31
apass_30_08.ldac    30.00   36.00    32.31   36.92
apass_30_09.ldac    30.00   36.00    36.92   41.54
apass_30_10.ldac    30.00   36.00    41.54   46.15
apass_30_11.ldac    30.00   36.00    46.15   50.77
apass_30_12.ldac    30.00   36.00    50.77   55.38
apass_30_13.ldac    30.00   36.00    55.38   60.00
apass_30_14.ldac    30.00   36.00    60.00   64.62
apass_30_15.ldac    30.00   36.00    64.62   69.23
apass_30_16.ldac    30.00   36.00    69.23   73.85
apass_30_17.ldac    30.00   36.00    73.85   78.46
apass_30_18.ldac    30.00   36.00    78.46   83.08
apass_30_19.ldac    30.00   36.00    83.08   87.69
apass_30_20.ldac    30.00   36.00    87.69   92.31
apass_30_21.ldac    30.00   36.00    92.31   96.92
apass_30_22.ldac    30.00   36.00    96.92  101.54
apass_30_23.ldac    30.00   36.00   101.54  106.15
apass_30_24.ldac    30.00   36.00   106.15  110.77
apass_30_25.ldac    30.00   36.00   110.77  115.38
apass_30_26.ldac    30.00   36.00   115.38  120.00
apass_30_27.ldac    30.00   36.00   120.00  124.62
apass_30_28.ldac    30.00   36.00   124.62  129.23
apass_30_29.ldac    30.00   36.00   129.23  133.85
apass_30_30.ldac    30.00   36.00   133.85  138.46
apass_30_31.ldac    30.00   36.00   138.46  143.08
apass_30_32.ldac    30.00   36.00   143.08  147.69
apass_30_33.ldac    30.00   36.00   147.69  152.31
apass_30_34.ldac    30.00   36.00   152.31  156.92
apass_30_35.ldac    30.00   36.00   156.92  161.54
apass_30_36.ldac    30.00   36.00   161.54  166.15
apass_30_37.ldac    30.00   36.00   166.15  170.77
apass_30_38.ldac    30.00   36.00   170.77  175.38
apass_30_39.ldac    30.00   36.00   175.38  180.00
apass_30_40.ldac    30.00   36.00   180.00  184.62
apass_30_41.ldac    30.00   36.00   184.62  189.23
apass_30_42.ldac    30.00   36.00   189.23  193.85
apass_30_43.ldac    30.00   36.00   193.85  198.46
apass_30_44.ldac    30.00   36.00   198.46  203.08
apass_30_45.ldac    30.00   36.00   203.08  207.69
apass_30_46.ldac    30.00   36.00   207.69  212.31
apass_30_47.ldac    30.00   36.00   212.31  216.92
apass_30_48.ldac    30.00   36.00   216.92  221.54
apass_30_49.ldac    30.00   36.00   221.54  226.15
apass_30_50.ldac    30.00   36.00   226.15  230.77
apass_30_51.ldac    30.00   36.00   230.77  235.38
apass_30_52.ldac    30.00   36.00   235.38  240.00
apass_30_53.ldac    30.00   36.00   240.00  244.62
apass_30_54.ldac    30.00   36.00   244.62  249.23
apass_30_55.ldac    30.00   36.00   249.23  253.85
apass_30_56.ldac    30.00   36.00   253.85  258.46
apass_30_57.ldac    30.00   36.00   258.46  263.08
apass_30_58.ldac    30.00   36.00   263.08  267.69
apass_30_59.ldac    30.00   36.00   267.69  272.31
apass_30_60.ldac    30.00   36.00   272.31  276.92
apass_30_61.ldac    30.00   36.00   276.92  281.54
apass_30_62.ldac    30.00   36.00   281.54  286.15
apass_30_63.ldac    30.00   36.00   286.15  290.77
apass_30_64.ldac    30.00   36.00   290.77  295.38
apass_30_65.ldac    30.00   36.00   295.38  300.00
apass_30_66.ldac    30.00   36.00   300.00  304.62
apass_30_67.ldac    30.00   36.00   304.62  309.23
apass_30_68.ldac    30.00   36.00   309.23  313.85
apass_30_69.ldac    30.00   36.00   313.85  318.46
apass_30_70.ldac    30.00   36.00   318.46  323.08
apass_30_71.ldac    30.00   36.00   323.08  327.69
apass_30_72.ldac    30.00   36.00   327.69  332.31
apass_30_73.ldac    30.00   36.00   332.31  336.92
apass_30_74.ldac    30.00   36.00   336.92  341.54
apass_30_75.ldac    30.00   36.00   341.54  346.15
apass_30_76.ldac    30.00   36.00   346.15  350.77
apass_30_77.ldac    30.00   36.00   350.77  355.38
apass_30_78.ldac    30.00   36.00   355.38  360.00
apass_36_01.ldac    36.00   42.00     0.00    4.93
apass_36_02.ldac    36.00   42.00     4.93    9.86
apass_36_03.ldac    36.00   42.00     9.86   14.79
apass_36_04.ldac    36.00   42.00    14.79   19.73
apass_36_05.ldac    36.00   42.00    19.73   24.66
apass_36_06.ldac    36.00   42.00    24.66   29.59
apass_36_07.ldac    36.00   42.00    29.59   34.52
apass_36_08.ldac    36.00   42.00    34.52   39.45
apass_36_09.ldac    36.00   42.00    39.45   44.38
apass_36_10.ldac    36.00   42.00    44.38   49.32
apass_36_11.ldac    36.00   42.00    49.32   54.25
apass_36_12.ldac    36.00   42.00    54.25   59.18
apass_36_13.ldac    36.00   42.00    59.18   64.11
apass_36_14.ldac    36.00   42.00    64.11   69.04
apass_36_15.ldac    36.00   42.00    69.04   73.97
apass_36_16.ldac    36.00   42.00    73.97   78.90
apass_36_17.ldac    36.00   42.00    78.90   83.84
apass_36_18.ldac    36.00   42.00    83.84   88.77
apass_36_19.ldac    36.00   42.00    88.77   93.70
apass_36_20.ldac    36.00   42.00    93.70   98.63
apass_36_21.ldac    36.00   42.00    98.63  103.56
apass_36_22.ldac    36.00   42.00   103.56  108.49
apass_36_23.ldac    36.00   42.00   108.49  113.42
apass_36_24.ldac    36.00   42.00   113.42  118.36
apass_36_25.ldac    36.00   42.00   118.36  123.29
apass_36_26.ldac    36.00   42.00   123.29  128.22
apass_36_27.ldac    36.00   42.00   128.22  133.15
apass_36_28.ldac    36.00   42.00   133.15  138.08
apass_36_29.ldac    36.00   42.00   138.08  143.01
apass_36_30.ldac    36.00   42.00   143.01  147.95
apass_36_31.ldac    36.00   42.00   147.95  152.88
apass_36_32.ldac    36.00   42.00   152.88  157.81
apass_36_33.ldac    36.00   42.00   157.81  162.74
apass_36_34.ldac    36.00   42.00   162.74  167.67
apass_36_35.ldac    36.00   42.00   167.67  172.60
apass_36_36.ldac    36.00   42.00   172.60  177.53
apass_36_37.ldac    36.00   42.00   177.53  182.47
apass_36_38.ldac    36.00   42.00   182.47  187.40
apass_36_39.ldac    36.00   42.00   187.40  192.33
apass_36_40.ldac    36.00   42.00   192.33  197.26
apass_36_41.ldac    36.00   42.00   197.26  202.19
apass_36_42.ldac    36.00   42.00   202.19  207.12
apass_36_43.ldac    36.00   42.00   207.12  212.05
apass_36_44.ldac    36.00   42.00   212.05  216.99
apass_36_45.ldac    36.00   42.00   216.99  221.92
apass_36_46.ldac    36.00   42.00   221.92  226.85
apass_36_47.ldac    36.00   42.00   226.85  231.78
apass_36_48.ldac    36.00   42.00   231.78  236.71
apass_36_49.ldac    36.00   42.00   236.71  241.64
apass_36_50.ldac    36.00   42.00   241.64  246.58
apass_36_51.ldac    36.00   42.00   246.58  251.51
apass_36_52.ldac    36.00   42.00   251.51  256.44
apass_36_53.ldac    36.00   42.00   256.44  261.37
apass_36_54.ldac    36.00   42.00   261.37  266.30
apass_36_55.ldac    36.00   42.00   266.30  271.23
apass_36_56.ldac    36.00   42.00   271.23  276.16
apass_36_57.ldac    36.00   42.00   276.16  281.10
apass_36_58.ldac    36.00   42.00   281.10  286.03
apass_36_59.ldac    36.00   42.00   286.03  290.96
apass_36_60.ldac    36.00   42.00   290.96  295.89
apass_36_61.ldac    36.00   42.00   295.89  300.82
apass_36_62.ldac    36.00   42.00   300.82  305.75
apass_36_63.ldac    36.00   42.00   305.75  310.68
apass_36_64.ldac    36.00   42.00   310.68  315.62
apass_36_65.ldac    36.00   42.00   315.62  320.55
apass_36_66.ldac    36.00   42.00   320.55  325.48
apass_36_67.ldac    36.00   42.00   325.48  330.41
apass_36_68.ldac    36.00   42.00   330.41  335.34
apass_36_69.ldac    36.00   42.00   335.34  340.27
apass_36_70.ldac    36.00   42.00   340.27  345.21
apass_36_71.ldac    36.00   42.00   345.21  350.14
apass_36_72.ldac    36.00   42.00   350.14  355.07
apass_36_73.ldac    36.00   42.00   355.07  360.00
apass_42_01.ldac    42.00   48.00     0.00    5.37
apass_42_02.ldac    42.00   48.00     5.37   10.75
apass_42_03.ldac    42.00   48.00    10.75   16.12
apass_42_04.ldac    42.00   48.00    16.12   21.49
apass_42_05.ldac    42.00   48.00    21.49   26.87
apass_42_06.ldac    42.00   48.00    26.87   32.24
apass_42_07.ldac    42.00   48.00    32.24   37.61
apass_42_08.ldac    42.00   48.00    37.61   42.99
apass_42_09.ldac    42.00   48.00    42.99   48.36
apass_42_10.ldac    42.00   48.00    48.36   53.73
apass_42_11.ldac    42.00   48.00    53.73   59.10
apass_42_12.ldac    42.00   48.00    59.10   64.48
apass_42_13.ldac    42.00   48.00    64.48   69.85
apass_42_14.ldac    42.00   48.00    69.85   75.22
apass_42_15.ldac    42.00   48.00    75.22   80.60
apass_42_16.ldac    42.00   48.00    80.60   85.97
apass_42_17.ldac    42.00   48.00    85.97   91.34
apass_42_18.ldac    42.00   48.00    91.34   96.72
apass_42_19.ldac    42.00   48.00    96.72  102.09
apass_42_20.ldac    42.00   48.00   102.09  107.46
apass_42_21.ldac    42.00   48.00   107.46  112.84
apass_42_22.ldac    42.00   48.00   112.84  118.21
apass_42_23.ldac    42.00   48.00   118.21  123.58
apass_42_24.ldac    42.00   48.00   123.58  128.96
apass_42_25.ldac    42.00   48.00   128.96  134.33
apass_42_26.ldac    42.00   48.00   134.33  139.70
apass_42_27.ldac    42.00   48.00   139.70  145.07
apass_42_28.ldac    42.00   48.00   145.07  150.45
apass_42_29.ldac    42.00   48.00   150.45  155.82
apass_42_30.ldac    42.00   48.00   155.82  161.19
apass_42_31.ldac    42.00   48.00   161.19  166.57
apass_42_32.ldac    42.00   48.00   166.57  171.94
apass_42_33.ldac    42.00   48.00   171.94  177.31
apass_42_34.ldac    42.00   48.00   177.31  182.69
apass_42_35.ldac    42.00   48.00   182.69  188.06
apass_42_36.ldac    42.00   48.00   188.06  193.43
apass_42_37.ldac    42.00   48.00   193.43  198.81
apass_42_38.ldac    42.00   48.00   198.81  204.18
apass_42_39.ldac    42.00   48.00   204.18  209.55
apass_42_40.ldac    42.00   48.00   209.55  214.93
apass_42_41.ldac    42.00   48.00   214.93  220.30
apass_42_42.ldac    42.00   48.00   220.30  225.67
apass_42_43.ldac    42.00   48.00   225.67  231.04
apass_42_44.ldac    42.00   48.00   231.04  236.42
apass_42_45.ldac    42.00   48.00   236.42  241.79
apass_42_46.ldac    42.00   48.00   241.79  247.16
apass_42_47.ldac    42.00   48.00   247.16  252.54
apass_42_48.ldac    42.00   48.00   252.54  257.91
apass_42_49.ldac    42.00   48.00   257.91  263.28
apass_42_50.ldac    42.00   48.00   263.28  268.66
apass_42_51.ldac    42.00   48.00   268.66  274.03
apass_42_52.ldac    42.00   48.00   274.03  279.40
apass_42_53.ldac    42.00   48.00   279.40  284.78
apass_42_54.ldac    42.00   48.00   284.78  290.15
apass_42_55.ldac    42.00   48.00   290.15  295.52
apass_42_56.ldac    42.00   48.00   295.52  300.90
apass_42_57.ldac    42.00   48.00   300.90  306.27
apass_42_58.ldac    42.00   48.00   306.27  311.64
apass_42_59.ldac    42.00   48.00   311.64  317.01
apass_42_60.ldac    42.00   48.00   317.01  322.39
apass_42_61.ldac    42.00   48.00   322.39  327.76
apass_42_62.ldac    42.00   48.00   327.76  333.13
apass_42_63.ldac    42.00   48.00   333.13  338.51
apass_42_64.ldac    42.00   48.00   338.51  343.88
apass_42_65.ldac    42.00   48.00   343.88  349.25
apass_42_66.ldac    42.00   48.00   349.25  354.63
apass_42_67.ldac    42.00   48.00   354.63  360.00
apass_48_01.ldac    48.00   54.00     0.00    5.90
apass_48_02.ldac    48.00   54.00     5.90   11.80
apass_48_03.ldac    48.00   54.00    11.80   17.70
apass_48_04.ldac    48.00   54.00    17.70   23.61
apass_48_05.ldac    48.00   54.00    23.61   29.51
apass_48_06.ldac    48.00   54.00    29.51   35.41
apass_48_07.ldac    48.00   54.00    35.41   41.31
apass_48_08.ldac    48.00   54.00    41.31   47.21
apass_48_09.ldac    48.00   54.00    47.21   53.11
apass_48_10.ldac    48.00   54.00    53.11   59.02
apass_48_11.ldac    48.00   54.00    59.02   64.92
apass_48_12.ldac    48.00   54.00    64.92   70.82
apass_48_13.ldac    48.00   54.00    70.82   76.72
apass_48_14.ldac    48.00   54.00    76.72   82.62
apass_48_15.ldac    48.00   54.00    82.62   88.52
apass_48_16.ldac    48.00   54.00    88.52   94.43
apass_48_17.ldac    48.00   54.00    94.43  100.33
apass_48_18.ldac    48.00   54.00   100.33  106.23
apass_48_19.ldac    48.00   54.00   106.23  112.13
apass_48_20.ldac    48.00   54.00   112.13  118.03
apass_48_21.ldac    48.00   54.00   118.03  123.93
apass_48_22.ldac    48.00   54.00   123.93  129.84
apass_48_23.ldac    48.00   54.00   129.84  135.74
apass_48_24.ldac    48.00   54.00   135.74  141.64
apass_48_25.ldac    48.00   54.00   141.64  147.54
apass_48_26.ldac    48.00   54.00   147.54  153.44
apass_48_27.ldac    48.00   54.00   153.44  159.34
apass_48_28.ldac    48.00   54.00   159.34  165.25
apass_48_29.ldac    48.00   54.00   165.25  171.15
apass_48_30.ldac    48.00   54.00   171.15  177.05
apass_48_31.ldac    48.00   54.00   177.05  182.95
apass_48_32.ldac    48.00   54.00   182.95  188.85
apass_48_33.ldac    48.00   54.00   188.85  194.75
apass_48_34.ldac    48.00   54.00   194.75  200.66
apass_48_35.ldac    48.00   54.00   200.66  206.56
apass_48_36.ldac    48.00   54.00   206.56  212.46
apass_48_37.ldac    48.00   54.00   212.46  218.36
apass_48_38.ldac    48.00   54.00   218.36  224.26
apass_48_39.ldac    48.00   54.00   224.26  230.16
apass_48_40.ldac    48.00   54.00   230.16  236.07
apass_48_41.ldac    48.00   54.00   236.07  241.97
apass_48_42.ldac    48.00   54.00   241.97  247.87
apass_48_43.ldac    48.00   54.00   247.87  253.77
apass_48_44.ldac    48.00   54.00   253.77  259.67
apass_48_45.ldac    48.00   54.00   259.67  265.57
apass_48_46.ldac    48.00   54.00   265.57  271.48
apass_48_47.ldac    48.00   54.00   271.48  277.38
apass_48_48.ldac    48.00   54.00   277.38  283.28
apass_48_49.ldac    48.00   54.00   283.28  289.18
apass_48_50.ldac    48.00   54.00   289.18  295.08
apass_48_51.ldac    48.00   54.00   295.08  300.98
apass_48_52.ldac    48.00   54.00   300.98  306.89
apass_48_53.ldac    48.00   54.00   306.89  312.79
apass_48_54.ldac    48.00   54.00   312.79  318.69
apass_48_55.ldac    48.00   54.00   318.69  324.59
apass_48_56.ldac    48.00   54.00   324.59  330.49
apass_48_57.ldac    48.00   54.00   330.49  336.39
apass_48_58.ldac    48.00   54.00   336.39  342.30
apass_48_59.ldac    48.00   54.00   342.30  348.20
apass_48_60.ldac    48.00   54.00   348.20  354.10
apass_48_61.ldac    48.00   54.00   354.10  360.00
apass_54_01.ldac    54.00   60.00     0.00    6.79
apass_54_02.ldac    54.00   60.00     6.79   13.58
apass_54_03.ldac    54.00   60.00    13.58   20.38
apass_54_04.ldac    54.00   60.00    20.38   27.17
apass_54_05.ldac    54.00   60.00    27.17   33.96
apass_54_06.ldac    54.00   60.00    33.96   40.75
apass_54_07.ldac    54.00   60.00    40.75   47.55
apass_54_08.ldac    54.00   60.00    47.55   54.34
apass_54_09.ldac    54.00   60.00    54.34   61.13
apass_54_10.ldac    54.00   60.00    61.13   67.92
apass_54_11.ldac    54.00   60.00    67.92   74.72
apass_54_12.ldac    54.00   60.00    74.72   81.51
apass_54_13.ldac    54.00   60.00    81.51   88.30
apass_54_14.ldac    54.00   60.00    88.30   95.09
apass_54_15.ldac    54.00   60.00    95.09  101.89
apass_54_16.ldac    54.00   60.00   101.89  108.68
apass_54_17.ldac    54.00   60.00   108.68  115.47
apass_54_18.ldac    54.00   60.00   115.47  122.26
apass_54_19.ldac    54.00   60.00   122.26  129.06
apass_54_20.ldac    54.00   60.00   129.06  135.85
apass_54_21.ldac    54.00   60.00   135.85  142.64
apass_54_22.ldac    54.00   60.00   142.64  149.43
apass_54_23.ldac    54.00   60.00   149.43  156.23
apass_54_24.ldac    54.00   60.00   156.23  163.02
apass_54_25.ldac    54.00   60.00   163.02  169.81
apass_54_26.ldac    54.00   60.00   169.81  176.60
apass_54_27.ldac    54.00   60.00   176.60  183.40
apass_54_28.ldac    54.00   60.00   183.40  190.19
apass_54_29.ldac    54.00   60.00   190.19  196.98
apass_54_30.ldac    54.00   60.00   196.98  203.77
apass_54_31.ldac    54.00   60.00   203.77  210.57
apass_54_32.ldac    54.00   60.00   210.57  217.36
apass_54_33.ldac    54.00   60.00   217.36  224.15
apass_54_34.ldac    54.00   60.00   224.15  230.94
apass_54_35.ldac    54.00   60.00   230.94  237.74
apass_54_36.ldac    54.00   60.00   237.74  244.53
apass_54_37.ldac    54.00   60.00   244.53  251.32
apass_54_38.ldac    54.00   60.00   251.32  258.11
apass_54_39.ldac    54.00   60.00   258.11  264.91
apass_54_40.ldac    54.00   60.00   264.91  271.70
apass_54_41.ldac    54.00   60.00   271.70  278.49
apass_54_42.ldac    54.00   60.00   278.49  285.28
apass_54_43.ldac    54.00   60.00   285.28  292.08
apass_54_44.ldac    54.00   60.00   292.08  298.87
apass_54_45.ldac    54.00   60.00   298.87  305.66
apass_54_46.ldac    54.00   60.00   305.66  312.45
apass_54_47.ldac    54.00   60.00   312.45  319.25
apass_54_48.ldac    54.00   60.00   319.25  326.04
apass_54_49.ldac    54.00   60.00   326.04  332.83
apass_54_50.ldac    54.00   60.00   332.83  339.62
apass_54_51.ldac    54.00   60.00   339.62  346.42
apass_54_52.ldac    54.00   60.00   346.42  353.21
apass_54_53.ldac    54.00   60.00   353.21  360.00
apass_60_01.ldac    60.00   66.00     0.00    8.00
apass_60_02.ldac    60.00   66.00     8.00   16.00
apass_60_03.ldac    60.00   66.00    16.00   24.00
apass_60_04.ldac    60.00   66.00    24.00   32.00
apass_60_05.ldac    60.00   66.00    32.00   40.00
apass_60_06.ldac    60.00   66.00    40.00   48.00
apass_60_07.ldac    60.00   66.00    48.00   56.00
apass_60_08.ldac    60.00   66.00    56.00   64.00
apass_60_09.ldac    60.00   66.00    64.00   72.00
apass_60_10.ldac    60.00   66.00    72.00   80.00
apass_60_11.ldac    60.00   66.00    80.00   88.00
apass_60_12.ldac    60.00   66.00    88.00   96.00
apass_60_13.ldac    60.00   66.00    96.00  104.00
apass_60_14.ldac    60.00   66.00   104.00  112.00
apass_60_15.ldac    60.00   66.00   112.00  120.00
apass_60_16.ldac    60.00   66.00   120.00  128.00
apass_60_17.ldac    60.00   66.00   128.00  136.00
apass_60_18.ldac    60.00   66.00   136.00  144.00
apass_60_19.ldac    60.00   66.00   144.00  152.00
apass_60_20.ldac    60.00   66.00   152.00  160.00
apass_60_21.ldac    60.00   66.00   160.00  168.00
apass_60_22.ldac    60.00   66.00   168.00  176.00
apass_60_23.ldac    60.00   66.00   176.00  184.00
apass_60_24.ldac    60.00   66.00   184.00  192.00
apass_60_25.ldac    60.00   66.00   192.00  200.00
apass_60_26.ldac    60.00   66.00   200.00  208.00
apass_60_27.ldac    60.00   66.00   208.00  216.00
apass_60_28.ldac    60.00   66.00   216.00  224.00
apass_60_29.ldac    60.00   66.00   224.00  232.00
apass_60_30.ldac    60.00   66.00   232.00  240.00
apass_60_31.ldac    60.00   66.00   240.00  248.00
apass_60_32.ldac    60.00   66.00   248.00  256.00
apass_60_33.ldac    60.00   66.00   256.00  264.00
apass_60_34.ldac    60.00   66.00   264.00  272.00
apass_60_35.ldac    60.00   66.00   272.00  280.00
apass_60_36.ldac    60.00   66.00   280.00  288.00
apass_60_37.ldac    60.00   66.00   288.00  296.00
apass_60_38.ldac    60.00   66.00   296.00  304.00
apass_60_39.ldac    60.00   66.00   304.00  312.00
apass_60_40.ldac    60.00   66.00   312.00  320.00
apass_60_41.ldac    60.00   66.00   320.00  328.00
apass_60_42.ldac    60.00   66.00   328.00  336.00
apass_60_43.ldac    60.00   66.00   336.00  344.00
apass_60_44.ldac    60.00   66.00   344.00  352.00
apass_60_45.ldac    60.00   66.00   352.00  360.00
apass_66_01.ldac    66.00   72.00     0.00    9.73
apass_66_02.ldac    66.00   72.00     9.73   19.46
apass_66_03.ldac    66.00   72.00    19.46   29.19
apass_66_04.ldac    66.00   72.00    29.19   38.92
apass_66_05.ldac    66.00   72.00    38.92   48.65
apass_66_06.ldac    66.00   72.00    48.65   58.38
apass_66_07.ldac    66.00   72.00    58.38   68.11
apass_66_08.ldac    66.00   72.00    68.11   77.84
apass_66_09.ldac    66.00   72.00    77.84   87.57
apass_66_10.ldac    66.00   72.00    87.57   97.30
apass_66_11.ldac    66.00   72.00    97.30  107.03
apass_66_12.ldac    66.00   72.00   107.03  116.76
apass_66_13.ldac    66.00   72.00   116.76  126.49
apass_66_14.ldac    66.00   72.00   126.49  136.22
apass_66_15.ldac    66.00   72.00   136.22  145.95
apass_66_16.ldac    66.00   72.00   145.95  155.68
apass_66_17.ldac    66.00   72.00   155.68  165.41
apass_66_18.ldac    66.00   72.00   165.41  175.14
apass_66_19.ldac    66.00   72.00   175.14  184.86
apass_66_20.ldac    66.00   72.00   184.86  194.59
apass_66_21.ldac    66.00   72.00   194.59  204.32
apass_66_22.ldac    66.00   72.00   204.32  214.05
apass_66_23.ldac    66.00   72.00   214.05  223.78
apass_66_24.ldac    66.00   72.00   223.78  233.51
apass_66_25.ldac    66.00   72.00   233.51  243.24
apass_66_26.ldac    66.00   72.00   243.24  252.97
apass_66_27.ldac    66.00   72.00   252.97  262.70
apass_66_28.ldac    66.00   72.00   262.70  272.43
apass_66_29.ldac    66.00   72.00   272.43  282.16
apass_66_30.ldac    66.00   72.00   282.16  291.89
apass_66_31.ldac    66.00   72.00   291.89  301.62
apass_66_32.ldac    66.00   72.00   301.62  311.35
apass_66_33.ldac    66.00   72.00   311.35  321.08
apass_66_34.ldac    66.00   72.00   321.08  330.81
apass_66_35.ldac    66.00   72.00   330.81  340.54
apass_66_36.ldac    66.00   72.00   340.54  350.27
apass_66_37.ldac    66.00   72.00   350.27  360.00
apass_72_01.ldac    72.00   78.00     0.00   12.86
apass_72_02.ldac    72.00   78.00    12.86   25.71
apass_72_03.ldac    72.00   78.00    25.71   38.57
apass_72_04.ldac    72.00   78.00    38.57   51.43
apass_72_05.ldac    72.00   78.00    51.43   64.29
apass_72_06.ldac    72.00   78.00    64.29   77.14
apass_72_07.ldac    72.00   78.00    77.14   90.00
apass_72_08.ldac    72.00   78.00    90.00  102.86
apass_72_09.ldac    72.00   78.00   102.86  115.71
apass_72_10.ldac    72.00   78.00   115.71  128.57
apass_72_11.ldac    72.00   78.00   128.57  141.43
apass_72_12.ldac    72.00   78.00   141.43  154.29
apass_72_13.ldac    72.00   78.00   154.29  167.14
apass_72_14.ldac    72.00   78.00   167.14  180.00
apass_72_15.ldac    72.00   78.00   180.00  192.86
apass_72_16.ldac    72.00   78.00   192.86  205.71
apass_72_17.ldac    72.00   78.00   205.71  218.57
apass_72_18.ldac    72.00   78.00   218.57  231.43
apass_72_19.ldac    72.00   78.00   231.43  244.29
apass_72_20.ldac    72.00   78.00   244.29  257.14
apass_72_21.ldac    72.00   78.00   257.14  270.00
apass_72_22.ldac    72.00   78.00   270.00  282.86
apass_72_23.ldac    72.00   78.00   282.86  295.71
apass_72_24.ldac    72.00   78.00   295.71  308.57
apass_72_25.ldac    72.00   78.00   308.57  321.43
apass_72_26.ldac    72.00   78.00   321.43  334.29
apass_72_27.ldac    72.00   78.00   334.29  347.14
apass_72_28.ldac    72.00   78.00   347.14  360.00
apass_78_01.ldac    78.00   84.00     0.00   18.95
apass_78_02.ldac    78.00   84.00    18.95   37.89
apass_78_03.ldac    78.00   84.00    37.89   56.84
apass_78_04.ldac    78.00   84.00    56.84   75.79
apass_78_05.ldac    78.00   84.00    75.79   94.74
apass_78_06.ldac    78.00   84.00    94.74  113.68
apass_78_07.ldac    78.00   84.00   113.68  132.63
apass_78_08.ldac    78.00   84.00   132.63  151.58
apass_78_09.ldac    78.00   84.00   151.58  170.53
apass_78_10.ldac    78.00   84.00   170.53  189.47
apass_78_11.ldac    78.00   84.00   189.47  208.42
apass_78_12.ldac    78.00   84.00   208.42  227.37
apass_78_13.ldac    78.00   84.00   227.37  246.32
apass_78_14.ldac    78.00   84.00   246.32  265.26
apass_78_15.ldac    78.00   84.00   265.26  284.21
apass_78_16.ldac    78.00   84.00   284.21  303.16
apass_78_17.ldac    78.00   84.00   303.16  322.11
apass_78_18.ldac    78.00   84.00   322.11  341.05
apass_78_19.ldac    78.00   84.00   341.05  360.00
apass_84_01.ldac    84.00   90.00     0.00   36.00
apass_84_02.ldac    84.00   90.00    36.00   72.00
apass_84_03.ldac    84.00   90.00    72.00  108.00
apass_84_04.ldac    84.00   90.00   108.00  144.00
apass_84_05.ldac    84.00   90.00   144.00  180.00
apass_84_06.ldac    84.00   90.00   180.00  216.00
apass_84_07.ldac    84.00   90.00   216.00  252.00
apass_84_08.ldac    84.00   90.00   252.00  288.00
apass_84_09.ldac    84.00   90.00   288.00  324.00
apass_84_10.ldac    84.00   90.00   324.00  360.00
